      0/99     3.38G    0.3136   0.04596    0.0461    0.4056         1       640         0         0         0         0    0.1933   0.05217    0.0493
      1/99     3.46G    0.2809   0.04403   0.04697    0.3719         1       640         0         0         0         0    0.1652   0.05095   0.04916
      2/99     3.46G    0.2627   0.04246   0.04609    0.3513         1       640         0         0         0         0     0.154   0.04983   0.04888
      3/99     3.46G    0.2452   0.04136   0.04631    0.3329         1       640         0         0         0         0    0.1459   0.04839   0.04866
      4/99     3.46G    0.2085    0.0402   0.04625    0.2949         1       640         0         0         0         0    0.1386   0.04724   0.04862
      5/99     3.46G    0.1769   0.03892   0.04616    0.2619         1       640         0         0         0         0    0.1286   0.04603   0.04839
      6/99     3.46G    0.1566   0.03768    0.0459    0.2402         1       640         0         0         0         0    0.1207   0.04373   0.04812
      7/99     3.46G    0.1505   0.03634   0.04555    0.2324         1       640         0         0         0         0      0.12   0.04103   0.04784
      8/99     3.46G    0.1415   0.03447   0.04543    0.2214         1       640   0.05477      0.02  0.006334    0.0019    0.1049   0.03776   0.04754
      9/99     3.46G    0.1404   0.03264   0.04518    0.2182         1       640         0         0         0         0   0.09798   0.03842   0.04743
     10/99     3.46G    0.1367   0.03076   0.04486    0.2123         1       640    0.2988   0.03977    0.0305   0.01105    0.1077   0.03326   0.04703
     11/99     3.46G    0.1389   0.02962   0.04451    0.2131         1       640    0.0315      0.02  0.003167  0.002851   0.09958   0.03118   0.04707
     12/99     3.46G    0.1246   0.02816    0.0438    0.1965         1       640    0.2164   0.07995    0.0614   0.01599   0.09234   0.02815   0.04689
     13/99     3.46G    0.1568   0.02902   0.04453    0.2304         1       640         0         0         0         0    0.1149   0.06718   0.04737
     14/99     3.51G    0.1832   0.03248   0.04409    0.2598         1       640         0         0         0         0    0.1297   0.04755    0.0473
     15/99     3.51G    0.1546   0.03034   0.04448    0.2294         1       640    0.2317      0.02  0.003167 0.0006335    0.1248   0.03402   0.04737
     16/99     3.51G    0.1554   0.02978   0.04426    0.2294         1       640         0         0         0         0    0.1067   0.03856     0.047
     17/99     3.51G    0.1447   0.02708   0.04407    0.2158         1       640   0.06356   0.01907  0.006334  0.001267   0.09578   0.02871   0.04676
     18/99     3.51G    0.1404   0.02642   0.04465    0.2114         1       640   0.09521      0.02  0.009501   0.00475    0.0968    0.0279   0.04668
     19/99     3.51G    0.1394   0.02552   0.04408     0.209         1       640    0.1123      0.06   0.03724   0.00624   0.09068   0.02362   0.04679
     20/99     3.51G    0.1573   0.02641   0.04408    0.2278         1       640         0         0         0         0    0.1162   0.03259   0.04695
     21/99     3.51G    0.1891    0.0272   0.04431    0.2606         1       640         0         0         0         0    0.2053    0.0524   0.05241
     22/99     3.54G    0.1582   0.02727   0.04378    0.2293         1       640         0         0         0         0     0.117   0.03587   0.04704
     23/99     3.54G    0.1592   0.02703   0.04394    0.2302         1       640    0.1598      0.08   0.05785  0.009831    0.1126   0.02534   0.04697
     24/99     3.54G    0.1599   0.02562   0.04387    0.2294         1       640   0.09715      0.08   0.04681   0.01271    0.1021   0.02484   0.04698
     25/99     3.54G    0.1562   0.02488   0.04372    0.2248         1       640         0         0         0         0    0.1007   0.03224   0.04661
     26/99     3.54G    0.1404   0.02377   0.04396    0.2081         1       640    0.0674   0.05935   0.01523  0.005088   0.09258   0.02032   0.04655
     27/99     3.54G    0.1426   0.02198   0.04352    0.2081         1       640   0.09696      0.22   0.09925   0.02315    0.1007   0.01821   0.04663
     28/99     3.54G    0.1397   0.02312    0.0432     0.206         1       640   0.03749      0.02  0.003801 0.0007601    0.1069   0.02844   0.04676
     29/99     3.54G    0.1603   0.02383   0.04364    0.2278         1       640    0.2923      0.18   0.07697   0.01965    0.1045   0.02004    0.0468
     30/99     3.54G    0.1431   0.02466   0.04373    0.2115         1       640    0.1007    0.0995   0.03671   0.00916    0.1076   0.02416   0.04668
     31/99     3.54G    0.1502   0.02493   0.04372    0.2188         1       640    0.2158      0.04   0.03804   0.01711    0.1028   0.02679   0.04658
     32/99     3.54G    0.1581   0.02483    0.0436    0.2265         1       640    0.1253       0.1   0.05635   0.01519   0.09837   0.02058   0.04627
     33/99     3.54G    0.1516   0.02287   0.04402    0.2185         1       640   0.04961    0.1386   0.02762  0.006544    0.1113   0.02127   0.04643
     34/99     3.54G    0.1361   0.02237   0.04379    0.2023         1       640   0.09069       0.1   0.06276   0.01752    0.1077   0.01959   0.04654
     35/99     3.54G    0.1361   0.02194   0.04328    0.2014         1       640    0.0628      0.06   0.01256  0.003203     0.162   0.03275   0.04754
     36/99     3.54G    0.1442    0.0215   0.04386    0.2095         1       640    0.1477      0.06   0.03506   0.01296    0.1217   0.02311   0.04726
     37/99     3.54G    0.1387   0.02087   0.04375    0.2033         1       640     0.105      0.24   0.09827    0.0153    0.1091   0.01739   0.04684
     38/99     3.54G    0.1413   0.02054    0.0437    0.2056         1       640   0.09172      0.16   0.07007    0.0166    0.1175   0.02045   0.04716
     39/99     3.54G    0.1485   0.02043   0.04379    0.2128         1       640     0.063       0.1   0.05062   0.01203    0.1077   0.01874   0.04697
     40/99     3.54G    0.1393    0.0202   0.04273    0.2022         1       640   0.07858    0.2194   0.08668   0.02553    0.0934   0.01709   0.04651
     41/99     3.54G    0.1371   0.02006   0.04352    0.2006         1       640    0.1892      0.66     0.255    0.1089   0.08496   0.01223   0.04586
     42/99     3.54G    0.1249   0.01939   0.04345    0.1878         1       640    0.2087      0.82    0.2662    0.1115   0.08038   0.01404   0.04598
     43/99     3.54G    0.1241   0.01858   0.04367    0.1864         1       640    0.2108     0.715    0.2464    0.1302   0.08147   0.01358   0.04607
     44/99     3.54G    0.1226   0.01941   0.04328    0.1853         1       640    0.2677    0.6188    0.3288    0.1623   0.07945    0.0127   0.04596
     45/99     3.54G    0.1171   0.01703   0.04331    0.1774         1       640    0.2892     0.837    0.3447    0.1814   0.07836   0.01055   0.04602
     46/99     3.54G    0.1225   0.01672   0.04374    0.1829         1       640    0.2264    0.8836    0.3303    0.1596    0.0902   0.01225   0.04591
     47/99     3.54G    0.1186   0.01719   0.04235    0.1781         1       640    0.3223    0.5935    0.3479     0.174   0.08961   0.01244   0.04594
     48/99     3.54G    0.1208   0.01745   0.04281     0.181         1       640    0.2998      0.82    0.3564    0.1892   0.08204   0.01078   0.04575
     49/99     3.54G     0.122   0.01794   0.04268    0.1827         1       640    0.2375      0.68    0.2855    0.1165   0.08725   0.01346   0.04649
     50/99     3.54G    0.1188   0.01737   0.04295    0.1791         1       640     0.272    0.8737    0.3532    0.1596   0.07736   0.01116   0.04585
     51/99     3.54G    0.1118   0.01786    0.0423     0.172         1       640    0.2418      0.84    0.3526    0.1678   0.07482   0.01088   0.04568
     52/99     3.54G    0.1177   0.01764   0.04312    0.1784         1       640    0.2681    0.6869    0.2798    0.1547   0.07861   0.01092   0.04558
     53/99     3.54G    0.1127   0.01645   0.04207    0.1712         1       640    0.2336    0.6591    0.3385    0.1942   0.08342   0.01413   0.04583
     54/99     3.54G    0.1099   0.01613   0.04217    0.1682         1       640    0.3591    0.6744     0.411    0.2074   0.09241   0.01434    0.0464
     55/99     3.54G    0.1088    0.0164   0.04207    0.1672         1       640    0.3417       0.8    0.4836    0.2655   0.07902  0.009702   0.04566
     56/99     3.54G    0.1122   0.01597   0.04169    0.1698         1       640     0.292    0.8176    0.3923    0.2174   0.08063  0.009356   0.04542
     57/99     3.54G    0.1209   0.01659   0.04221    0.1797         1       640    0.2849      0.52    0.3569    0.2004   0.08038   0.01366   0.04613
     58/99     3.54G    0.1153   0.01725   0.04195    0.1745         1       640    0.3797    0.6899    0.4516    0.2362   0.07701  0.009761   0.04505
     59/99     3.54G    0.1109   0.01696   0.04224    0.1701         1       640    0.5347    0.6187    0.4455    0.2544   0.07559   0.01012   0.04547
     60/99     3.54G    0.1106   0.01608   0.04267    0.1694         1       640     0.342       0.8    0.5386    0.2693   0.07515  0.008875   0.04504
     61/99     3.54G    0.1081   0.01583   0.04253    0.1665         1       640    0.3308       0.9    0.5428    0.2426   0.07917  0.008664    0.0451
     62/99     3.54G     0.103   0.01499   0.04192    0.1599         1       640    0.3277    0.7037    0.4802    0.2492   0.07452  0.009348   0.04561
     63/99     3.54G    0.1016   0.01468   0.04137    0.1577         1       640    0.3383       0.8    0.4997    0.2737    0.0715  0.009568   0.04551
     64/99     3.54G    0.1071   0.01532    0.0412    0.1636         1       640    0.3269      0.94      0.58    0.3212   0.07145  0.008777   0.04517
     65/99     3.54G    0.1093   0.01639   0.04114    0.1669         1       640    0.3649    0.9126    0.5908    0.2413   0.07608  0.008153     0.045
     66/99     3.54G    0.1096   0.01552   0.04133    0.1664         1       640    0.3068    0.8974    0.5343    0.2837   0.07427  0.009256   0.04494
     67/99     3.54G    0.1072    0.0156   0.04128    0.1641         1       640    0.2891    0.8193     0.423     0.179   0.07431   0.01206   0.04499
     68/99     3.54G    0.1078   0.01449   0.04112    0.1634         1       640    0.2544      0.94    0.5339    0.1697   0.08099  0.008727   0.04447
     69/99     3.54G    0.1079   0.01477   0.04088    0.1635         1       640    0.3267     0.836    0.5018    0.1837   0.07669  0.009437   0.04452
     70/99     3.54G    0.1083   0.01685   0.04083     0.166         1       640    0.2474      0.86    0.4971    0.2313   0.07059  0.008423   0.04455
     71/99     3.54G    0.1065   0.01564   0.04115    0.1633         1       640    0.2471      0.88    0.4941    0.2078   0.07629   0.01063   0.04488
     72/99     3.54G    0.1026   0.01393   0.04009    0.1566         1       640    0.3193      0.92    0.5933    0.2243    0.0755  0.007997   0.04445
     73/99     3.54G    0.1098   0.01512   0.04044    0.1654         1       640    0.3177      0.82    0.4311    0.2072   0.07474   0.01143   0.04452
     74/99     3.54G    0.1038   0.01364   0.04034    0.1578         1       640    0.3442      0.96    0.6039    0.2941   0.07222  0.008037   0.04443
     75/99     3.54G    0.1065   0.01403   0.04068    0.1612         1       640    0.3528    0.9284     0.635    0.3048   0.06947  0.008293   0.04465
     76/99     3.54G   0.09715   0.01407   0.04023    0.1515         1       640    0.3363     0.896    0.6127    0.3116   0.07027  0.009135   0.04474
     77/99     3.54G   0.09996   0.01405   0.04007    0.1541         1       640    0.3741      0.78    0.5843    0.2597    0.0721  0.009346   0.04441
     78/99     3.54G   0.09956   0.01433   0.04013     0.154         1       640     0.252     0.939    0.4805    0.2578   0.06836  0.009298    0.0444
     79/99     3.54G   0.09521   0.01335   0.03992    0.1485         1       640    0.3923      0.76    0.5713    0.3062   0.06845  0.008162   0.04435
     80/99     3.54G   0.09717   0.01387   0.03967    0.1507         1       640    0.3681    0.7978     0.535    0.3096   0.07007  0.009973   0.04413
     81/99     3.54G   0.09423    0.0136   0.03937    0.1472         1       640    0.3957      0.82    0.6319    0.3065   0.06824  0.007883   0.04373
     82/99     3.54G   0.09978   0.01321   0.04037    0.1534         1       640     0.369    0.9184     0.645    0.3552   0.06779  0.007548   0.04382
     83/99     3.54G   0.09516   0.01329   0.04006    0.1485         1       640    0.2741       0.9    0.5374    0.2575   0.06788  0.008484   0.04386
     84/99     3.54G   0.09422   0.01332   0.03982    0.1474         1       640    0.3582    0.9653    0.6007     0.328     0.067  0.007924   0.04379
     85/99     3.54G   0.09135   0.01325   0.03941     0.144         1       640    0.3673      0.94    0.6381     0.368   0.06703  0.007542   0.04387
     86/99     3.54G   0.09171   0.01299   0.03888    0.1436         1       640    0.3658      0.84    0.6233    0.3249   0.06875  0.009325   0.04396
     87/99     3.54G   0.08856   0.01279   0.03891    0.1403         1       640    0.3428    0.8848    0.6108    0.3297   0.06862  0.009465   0.04396
     88/99     3.54G   0.09255   0.01334   0.03856    0.1445         1       640    0.3615    0.8865    0.6408    0.3219   0.06819  0.009349   0.04381
     89/99     3.54G   0.09123   0.01278   0.03957    0.1436         1       640    0.3787    0.8809    0.6477     0.334   0.06993  0.008833   0.04369
     90/99     3.54G    0.0909   0.01264   0.03848     0.142         1       640    0.3712    0.9032    0.6561     0.366   0.06762  0.008548   0.04362
     91/99     3.54G    0.0882   0.01316   0.03811    0.1395         1       640    0.3447       0.9    0.6331    0.3215   0.06891  0.009291   0.04352
     92/99     3.54G   0.09158   0.01264   0.03839    0.1426         1       640    0.3766    0.9182    0.6583    0.3409   0.06922  0.008483   0.04327
     93/99     3.54G   0.08963   0.01304   0.03779    0.1405         1       640    0.3529    0.9081    0.6151     0.273   0.07076   0.01031   0.04343
     94/99     3.54G   0.09289   0.01283   0.03832     0.144         1       640    0.4112    0.9154     0.657    0.3466   0.06776  0.008765    0.0431
     95/99     3.54G   0.09075   0.01256   0.03742    0.1407         1       640    0.3563    0.9134    0.6409    0.3169   0.06992  0.009898   0.04306
     96/99     3.54G   0.08961   0.01245   0.03781    0.1399         1       640    0.3795    0.8593    0.6634    0.3369   0.06979  0.009579   0.04276
     97/99     3.54G   0.09055   0.01265   0.03728    0.1405         1       640    0.3833    0.9198    0.6633     0.304   0.06925  0.007845   0.04229
     98/99     3.54G   0.09061   0.01257   0.03784     0.141         1       640    0.3606    0.8206    0.6564    0.3127   0.07097   0.01035   0.04258
     99/99     3.54G   0.09017   0.01244   0.03689    0.1395         1       640    0.3771      0.88    0.6651    0.2994   0.06758  0.008277   0.04196
