     0/299     11.5G     0.202  0.008578   0.01725    0.4238    0.6517        22       640         0         0         0         0         0         0         0         0
     1/299     11.5G    0.1873  0.008399    0.0172    0.4217    0.6346        28       640         0         0         0         0         0         0         0         0
     2/299     11.5G     0.181  0.008173   0.01717    0.4192    0.6255        32       640         0         0         0         0         0         0         0         0
     3/299     11.5G    0.1758  0.007773   0.01706    0.4165    0.6171        30       640         0         0         0         0         0         0         0         0
     4/299     11.5G    0.1704   0.00733   0.01713    0.4134    0.6082        32       640         0         0         0         0         0         0         0         0
     5/299     11.5G    0.1693  0.007211   0.01707     0.411    0.6045        29       640         0         0         0         0         0         0         0         0
     6/299     11.5G    0.1623  0.006976   0.01702    0.4093    0.5955        11       640         0         0         0         0         0         0         0         0
     7/299     11.5G    0.1587  0.006784   0.01697    0.4065     0.589        27       640         0         0         0         0         0         0         0         0
     8/299     11.5G    0.1569  0.006672   0.01691    0.4037    0.5842        31       640         0         0         0         0         0         0         0         0
     9/299     11.5G    0.1507    0.0066   0.01686    0.4008     0.575        30       640         0         0         0         0         0         0         0         0
    10/299     11.5G    0.1471  0.006617   0.01685    0.3993    0.5699        30       640         0         0         0         0         0         0         0         0
    11/299     11.5G    0.1402   0.00665   0.01685    0.3964    0.5601        36       640         0         0         0         0         0         0         0         0
    12/299     11.5G     0.134  0.006647   0.01681    0.3946    0.5521        22       640         0         0         0         0         0         0         0         0
    13/299     11.5G    0.1277  0.006673   0.01692    0.3942    0.5455        20       640         0         0         0         0         0         0         0         0
    14/299     11.5G    0.1168  0.006851   0.01696    0.3916    0.5322        25       640         0         0         0         0         0         0         0         0
    15/299     11.5G    0.1122  0.006736   0.01693    0.3899    0.5258        26       640         0         0         0         0         0         0         0         0
    16/299     11.5G     0.105  0.006949   0.01694    0.3868    0.5157        36       640         0         0         0         0         0         0         0         0
    17/299     11.5G    0.1023  0.006803    0.0169    0.3824    0.5084        27       640         0         0         0         0         0         0         0         0
    18/299     11.5G    0.1007  0.006619   0.01695    0.3823    0.5066        28       640         0         0         0         0         0         0         0         0
    19/299     11.5G    0.1007  0.006696   0.01684      0.38    0.5043        29       640         0         0         0         0         0         0         0         0
    20/299     11.5G   0.09891  0.006579   0.01684    0.3767     0.499        29       640         0         0         0         0         0         0         0         0
    21/299     11.5G   0.09703  0.006576   0.01687    0.3765     0.497        23       640         0         0         0         0         0         0         0         0
    22/299     11.5G   0.09676   0.00624   0.01686    0.3733    0.4931        21       640         0         0         0         0         0         0         0         0
    23/299     11.5G   0.09581  0.006426   0.01679    0.3687    0.4877        30       640         0         0         0         0         0         0         0         0
    24/299     11.5G    0.0938  0.006359   0.01679    0.3679    0.4848        26       640         0         0         0         0         0         0         0         0
    25/299     11.5G   0.09362  0.006104   0.01674    0.3647    0.4811        21       640         0         0         0         0         0         0         0         0
    26/299     11.5G   0.09517  0.006179   0.01677    0.3632    0.4814        29       640         0         0         0         0         0         0         0         0
    27/299     11.5G   0.09958  0.006224   0.01667    0.3624    0.4848        37       640         0         0         0         0         0         0         0         0
    28/299     11.5G    0.1138  0.005678   0.01662    0.3594    0.4956        26       640         0         0         0         0         0         0         0         0
    29/299     11.5G    0.1057  0.005752   0.01659    0.3607    0.4888        24       640         0         0         0         0         0         0         0         0
    30/299     11.5G    0.1054   0.00592   0.01658    0.3606    0.4886        34       640         0         0         0         0         0         0         0         0
    31/299     11.5G    0.1027  0.005704   0.01652    0.3557    0.4806        28       640         0         0         0         0         0         0         0         0
    32/299     11.5G    0.1052  0.005762   0.01649    0.3538    0.4812        25       640         0         0         0         0         0         0         0         0
    33/299     11.5G    0.1023   0.00564   0.01632    0.3487     0.473        30       640         0         0         0         0         0         0         0         0
    34/299     11.5G    0.1022  0.005513   0.01632    0.3518    0.4759        16       640         0         0         0         0         0         0         0         0
    35/299     11.5G    0.1027  0.005539   0.01608    0.3453    0.4696        22       640         0         0         0         0         0         0         0         0
    36/299     11.5G   0.09927  0.005509   0.01598    0.3458    0.4665        22       640         0         0         0         0         0         0         0         0
    37/299     11.5G    0.1018  0.005606   0.01593    0.3425    0.4659        28       640         0         0         0         0         0         0         0         0
    38/299     11.5G    0.1063  0.005467   0.01584    0.3409    0.4685        29       640         0         0         0         0         0         0         0         0
    39/299     11.5G    0.1051  0.005374   0.01553    0.3356    0.4616        32       640         0         0         0         0         0         0         0         0
    40/299     11.5G    0.1038   0.00531   0.01561    0.3344    0.4591        32       640         0         0         0         0         0         0         0         0
    41/299     11.5G    0.1058   0.00529   0.01552    0.3307    0.4573        32       640         0         0         0         0         0         0         0         0
    42/299     11.5G    0.1074  0.005492   0.01536    0.3276    0.4559        35       640         0         0         0         0         0         0         0         0
    43/299     11.5G    0.1053  0.005199   0.01531     0.327    0.4528        36       640         0         0         0         0         0         0         0         0
    44/299     11.5G    0.1109  0.005228   0.01507    0.3209    0.4522        23       640         0         0         0         0         0         0         0         0
    45/299     11.5G    0.1122  0.005097   0.01507    0.3164    0.4488        32       640         0         0         0         0         0         0         0         0
    46/299     11.5G    0.1092  0.005132   0.01501    0.3199    0.4492        24       640         0         0         0         0         0         0         0         0
    47/299     11.5G    0.1074  0.004963   0.01494    0.3206    0.4478        20       640         0         0         0         0         0         0         0         0
    48/299     11.5G    0.1066  0.005144   0.01481    0.3168    0.4434        30       640         0         0         0         0         0         0         0         0
    49/299     11.5G    0.1024  0.004916    0.0151    0.3192    0.4417        21       640         0         0         0         0         0         0         0         0
    50/299     11.5G    0.1079  0.004729   0.01472    0.3108    0.4382        29       640         0         0         0         0         0         0         0         0
    51/299     11.5G    0.1043  0.005015   0.01452      0.31    0.4338        28       640         0         0         0         0         0         0         0         0
    52/299     11.5G    0.1092  0.004906   0.01449     0.309    0.4376        32       640         0         0         0         0         0         0         0         0
    53/299     11.5G    0.1053  0.004819   0.01444    0.3075     0.432        19       640         0         0         0         0         0         0         0         0
    54/299     11.5G    0.1057  0.004829   0.01444    0.3092    0.4342        29       640         0         0         0         0         0         0         0         0
    55/299     11.5G    0.1084  0.004786   0.01439    0.3046    0.4322        28       640         0         0         0         0         0         0         0         0
    56/299     11.5G    0.1123  0.004675   0.01438    0.2998    0.4311        22       640         0         0         0         0         0         0         0         0
    57/299     11.5G    0.1101  0.004566   0.01426    0.2998    0.4287        20       640         0         0         0         0         0         0         0         0
    58/299     11.5G    0.1083  0.004517   0.01435    0.2977    0.4249        18       640         0         0         0         0         0         0         0         0
    59/299     11.5G    0.1121  0.004763   0.01423    0.2958    0.4269        31       640         0         0         0         0         0         0         0         0
    60/299     11.5G    0.1087  0.005014   0.01414    0.2976    0.4254        31       640         0         0         0         0         0         0         0         0
    61/299     11.5G    0.1066  0.004737   0.01436    0.2961    0.4218        31       640         0         0         0         0         0         0         0         0
    62/299     11.5G    0.1047  0.004702   0.01421    0.2926    0.4162        26       640         0         0         0         0         0         0         0         0
    63/299     11.5G    0.1099  0.004412   0.01412    0.2847    0.4131        25       640         0         0         0         0         0         0         0         0
    64/299     11.5G    0.1144  0.004545   0.01382    0.2806    0.4134        28       640         0         0         0         0         0         0         0         0
    65/299     11.5G    0.1041   0.00448   0.01404     0.283    0.4056        27       640         0         0         0         0         0         0         0         0
    66/299     11.5G    0.1034  0.004681   0.01424    0.2825    0.4048        22       640         0         0         0         0         0         0         0         0
    67/299     11.5G    0.1041  0.004666    0.0139    0.2785    0.4011        28       640         0         0         0         0         0         0         0         0
    68/299     11.5G    0.1048  0.004459    0.0137    0.2778    0.4007        21       640         0         0         0         0         0         0         0         0
    69/299     11.5G    0.1066  0.004531   0.01387    0.2729     0.398        19       640         0         0         0         0         0         0         0         0
    70/299     11.5G    0.1097  0.004122   0.01355    0.2702    0.3977        26       640         0         0         0         0         0         0         0         0
    71/299     11.5G    0.1027  0.004195   0.01374    0.2714     0.392        26       640         0         0         0         0         0         0         0         0
    72/299     11.5G    0.1092  0.004228   0.01354    0.2657    0.3927        19       640         0         0         0         0         0         0         0         0
    73/299     11.5G    0.1122   0.00442   0.01384      0.27    0.4004        26       640         0         0         0         0         0         0         0         0
    74/299     11.5G    0.1044  0.004301    0.0137     0.265    0.3875        21       640         0         0         0         0         0         0         0         0
    75/299     11.5G    0.1118  0.004507   0.01334    0.2555    0.3851        28       640         0         0         0         0         0         0         0         0
    76/299     11.5G    0.1057   0.00446   0.01333    0.2637    0.3873        18       640         0         0         0         0         0         0         0         0
    77/299     11.5G    0.1034  0.004392   0.01344    0.2573    0.3785        26       640         0         0         0         0         0         0         0         0
    78/299     11.5G    0.1043  0.004267   0.01304    0.2596    0.3813        25       640         0         0         0         0         0         0         0         0
    79/299     11.5G     0.104   0.00419   0.01314    0.2544    0.3757        21       640         0         0         0         0         0         0         0         0
    80/299     11.5G   0.09974   0.00457    0.0132    0.2568    0.3743        30       640         0         0         0         0         0         0         0         0
    81/299     11.5G    0.1077  0.004391   0.01294    0.2497    0.3747        28       640         0         0         0         0         0         0         0         0
    82/299     11.5G    0.1064  0.004259   0.01322    0.2487    0.3725        29       640         0         0         0         0         0         0         0         0
    83/299     11.5G    0.1109  0.004191   0.01314    0.2477     0.376        37       640         0         0         0         0         0         0         0         0
    84/299     11.5G    0.1031  0.004335   0.01311    0.2472    0.3677        31       640         0         0         0         0         0         0         0         0
    85/299     11.5G    0.1076  0.004032   0.01286    0.2502    0.3747        24       640         0         0         0         0         0         0         0         0
    86/299     11.5G    0.1133  0.003858   0.01287    0.2419    0.3719        25       640         0         0         0         0         0         0         0         0
    87/299     11.5G    0.1085  0.004389    0.0129    0.2421    0.3679        28       640         0         0         0         0         0         0         0         0
    88/299     11.5G    0.1037  0.004413   0.01288    0.2354    0.3564        33       640         0         0         0         0         0         0         0         0
    89/299     11.5G     0.105  0.004126   0.01274    0.2392    0.3611        29       640         0         0         0         0         0         0         0         0
    90/299     11.5G    0.1014  0.004331   0.01298    0.2392    0.3579        30       640         0         0         0         0         0         0         0         0
    91/299     11.5G    0.1037  0.003957   0.01289    0.2356    0.3561        27       640         0         0         0         0         0         0         0         0
    92/299     11.5G     0.105  0.003989   0.01267    0.2357    0.3573        23       640         0         0         0         0         0         0         0         0
    93/299     11.5G    0.1023  0.003737   0.01268    0.2292    0.3478        22       640         0         0         0         0         0         0         0         0
    94/299     11.5G    0.0982  0.004249   0.01239    0.2349    0.3497        24       640         0         0         0         0         0         0         0         0
    95/299     11.5G    0.1037  0.004095    0.0126    0.2244    0.3448        26       640         0         0         0         0         0         0         0         0
    96/299     11.5G    0.1031  0.003858   0.01234    0.2308    0.3501        22       640         0         0         0         0         0         0         0         0
    97/299     11.5G   0.09949  0.004008   0.01219     0.228    0.3436        28       640         0         0         0         0         0         0         0         0
    98/299     11.5G    0.1049  0.003921   0.01231    0.2222    0.3434        25       640         0         0         0         0         0         0         0         0
    99/299     11.5G    0.1022   0.00388   0.01246    0.2239    0.3425        33       640         0         0         0         0         0         0         0         0
   100/299     11.5G    0.1046  0.003997   0.01243    0.2164    0.3375        35       640         0         0         0         0         0         0         0         0
   101/299     11.5G    0.1064  0.003929   0.01241    0.2172      0.34        25       640         0         0         0         0         0         0         0         0
   102/299     11.5G    0.1025  0.004223   0.01233    0.2197    0.3388        29       640         0         0         0         0         0         0         0         0
   103/299     11.5G    0.1017  0.003963   0.01223    0.2201     0.338        43       640         0         0         0         0         0         0         0         0
   104/299     11.5G    0.1035  0.003828   0.01218    0.2217    0.3412        37       640         0         0         0         0         0         0         0         0
   105/299     11.5G    0.1029  0.003727   0.01219    0.2151    0.3339        27       640         0         0         0         0         0         0         0         0
   106/299     11.5G    0.1047  0.003617    0.0121    0.2159    0.3363        23       640         0         0         0         0         0         0         0         0
   107/299     11.5G     0.102  0.003929   0.01165    0.2101    0.3276        17       640         0         0         0         0         0         0         0         0
   108/299     11.5G    0.1022  0.003994   0.01207    0.2119    0.3302        32       640         0         0         0         0         0         0         0         0
   109/299     11.5G    0.1039  0.003775   0.01202    0.2022    0.3219        33       640         0         0         0         0         0         0         0         0
   110/299     11.5G    0.1015  0.003783   0.01181    0.2094    0.3265        26       640         0         0         0         0         0         0         0         0
   111/299     11.5G   0.09936  0.003858    0.0119    0.2102    0.3253        16       640         0         0         0         0         0         0         0         0
   112/299     11.5G    0.1026  0.003673   0.01155    0.2093    0.3272        22       640         0         0         0         0         0         0         0         0
   113/299     11.5G    0.1016  0.003768   0.01172    0.2101    0.3272        18       640         0         0         0         0         0         0         0         0
   114/299     11.5G    0.1018  0.003937   0.01172    0.2073    0.3248        28       640         0         0         0         0         0         0         0         0
   115/299     11.5G    0.1019  0.003618   0.01167    0.2036    0.3208        32       640         0         0         0         0         0         0         0         0
   116/299     11.5G   0.09796  0.003838   0.01159    0.2015    0.3149        26       640         0         0         0         0         0         0         0         0
   117/299     11.5G   0.09842  0.003845   0.01145    0.2025    0.3163        29       640         0         0         0         0         0         0         0         0
   118/299     11.5G    0.1013  0.003518   0.01133    0.1982    0.3144        25       640         0         0         0         0         0         0         0         0
   119/299     11.5G    0.1031  0.003651   0.01157    0.2023    0.3206        33       640         0         0         0         0         0         0         0         0
   120/299     11.5G     0.104  0.003687   0.01148     0.202    0.3212        24       640         0         0         0         0         0         0         0         0
   121/299     11.5G    0.1046   0.00356   0.01135    0.1988    0.3183        27       640         0         0         0         0         0         0         0         0
   122/299     11.5G   0.09986  0.003441   0.01157    0.2014    0.3163        32       640         0         0         0         0         0         0         0         0
   123/299     11.5G    0.1014  0.003881   0.01142    0.2025    0.3192        25       640         0         0         0         0         0         0         0         0
   124/299     11.5G    0.1008  0.003645   0.01125    0.1931    0.3088        32       640         0         0         0         0         0         0         0         0
   125/299     11.5G   0.09749  0.003713   0.01119    0.1974    0.3098        30       640         0         0         0         0         0         0         0         0
   126/299     11.5G    0.1004  0.003534   0.01123    0.1969    0.3121        34       640         0         0         0         0         0         0         0         0
   127/299     11.5G   0.09919  0.003543   0.01132    0.1956    0.3096        27       640         0         0         0         0         0         0         0         0
   128/299     11.5G   0.09505  0.003678   0.01111    0.1982     0.308        27       640         0         0         0         0         0         0         0         0
   129/299     11.5G    0.1019  0.003569   0.01088    0.1914    0.3078        25       640         0         0         0         0         0         0         0         0
   130/299     11.5G    0.1083  0.003402   0.01113    0.1943    0.3171        29       640         0         0         0         0         0         0         0         0
   131/299     11.5G   0.09356  0.003573   0.01102    0.1933    0.3014        30       640         0         0         0         0         0         0         0         0
   132/299     11.5G       0.1  0.003573   0.01106    0.1953      0.31        35       640         0         0         0         0         0         0         0         0
   133/299     11.5G   0.09932  0.003338   0.01052    0.1897    0.3029        17       640         0         0         0         0         0         0         0         0
   134/299     11.5G    0.0922   0.00373   0.01128     0.192    0.2993        30       640         0         0         0         0         0         0         0         0
   135/299     11.5G   0.09713  0.003508   0.01096    0.1884       0.3        31       640         0         0         0         0         0         0         0         0
   136/299     11.5G    0.0939  0.003743   0.01086    0.1902    0.2987        26       640         0         0         0         0         0         0         0         0
   137/299     11.5G   0.09771  0.003525   0.01078    0.1859    0.2979        30       640         0         0         0         0         0         0         0         0
   138/299     11.5G   0.09594  0.003397   0.01044    0.1796    0.2893        21       640         0         0         0         0         0         0         0         0
   139/299     11.5G    0.0976  0.003413   0.01086     0.184    0.2959        20       640         0         0         0         0         0         0         0         0
   140/299     11.5G    0.1003  0.003462    0.0109    0.1878    0.3025        29       640         0         0         0         0         0         0         0         0
   141/299     11.5G   0.09358  0.003327   0.01069    0.1821    0.2897        28       640         0         0         0         0         0         0         0         0
   142/299     11.5G   0.09521  0.003408    0.0109    0.1943    0.3039        25       640         0         0         0         0         0         0         0         0
   143/299     11.5G   0.09507  0.003273   0.01056    0.1872    0.2961        17       640         0         0         0         0         0         0         0         0
   144/299     11.5G   0.09142  0.003371   0.01038    0.1817    0.2869        31       640         0         0         0         0         0         0         0         0
   145/299     11.5G   0.09234  0.003303   0.01037    0.1848    0.2908        27       640         0         0         0         0         0         0         0         0
   146/299     11.5G   0.09447  0.003431    0.0104     0.178    0.2863        30       640         0         0         0         0         0         0         0         0
   147/299     11.5G   0.09425  0.003297   0.01064    0.1792    0.2874        27       640         0         0         0         0         0         0         0         0
   148/299     11.5G     0.093  0.003157   0.01043    0.1821    0.2886        18       640         0         0         0         0         0         0         0         0
   149/299     11.5G   0.09305  0.003435    0.0102    0.1827    0.2894        32       640         0         0         0         0         0         0         0         0
   150/299     11.5G   0.09003  0.003182   0.01036    0.1794    0.2829        33       640         0         0         0         0         0         0         0         0
   151/299     11.5G   0.08852  0.003307   0.01033    0.1825    0.2846        30       640         0         0         0         0         0         0         0         0
   152/299     11.5G   0.09167  0.003256   0.01016    0.1822    0.2873        23       640         0         0         0         0         0         0         0         0
   153/299     11.5G   0.09272  0.003105  0.009986    0.1763    0.2821        25       640         0         0         0         0         0         0         0         0
   154/299     11.5G   0.09574   0.00328   0.01013     0.176    0.2852        30       640         0         0         0         0         0         0         0         0
   155/299     11.5G   0.09537  0.003197      0.01    0.1784     0.287        25       640         0         0         0         0         0         0         0         0
   156/299     11.5G    0.0892  0.003199   0.01029    0.1839    0.2866        30       640         0         0         0         0         0         0         0         0
   157/299     11.5G   0.09178  0.003143  0.009986    0.1749    0.2798        20       640         0         0         0         0         0         0         0         0
   158/299     11.5G    0.0899  0.003313  0.009844    0.1744    0.2774        31       640         0         0         0         0         0         0         0         0
   159/299     11.5G   0.09038   0.00329  0.009844    0.1745     0.278        29       640         0         0         0         0         0         0         0         0
   160/299     11.5G   0.08943  0.003172  0.009595    0.1742    0.2764        25       640         0         0         0         0         0         0         0         0
   161/299     11.5G   0.08602  0.003282   0.01001    0.1743    0.2736        26       640         0         0         0         0         0         0         0         0
   162/299     11.5G    0.0921  0.003159   0.01001    0.1775    0.2827        27       640         0         0         0         0         0         0         0         0
   163/299     11.5G   0.08906  0.003231  0.009931    0.1736    0.2758        31       640         0         0         0         0         0         0         0         0
   164/299     11.5G   0.08851  0.003099  0.009661    0.1667     0.268        25       640         0         0         0         0         0         0         0         0
   165/299     11.5G   0.08603  0.003157   0.00972    0.1735    0.2724        31       640         0         0         0         0         0         0         0         0
   166/299     11.5G   0.08743  0.002926  0.009142    0.1672    0.2667        30       640         0         0         0         0         0         0         0         0
   167/299     11.5G   0.08589  0.002919  0.009527    0.1718    0.2702        25       640         0         0         0         0         0         0         0         0
   168/299     11.5G   0.08491  0.003261   0.00959     0.172    0.2697        21       640         0         0         0         0         0         0         0         0
   169/299     11.5G   0.08733  0.003217  0.009286     0.172    0.2718        19       640         0         0         0         0         0         0         0         0
   170/299     11.5G   0.08784  0.003233  0.009547     0.172    0.2727        32       640         0         0         0         0         0         0         0         0
   171/299     11.5G   0.08512  0.003048  0.009492    0.1732    0.2709        22       640         0         0         0         0         0         0         0         0
   172/299     11.5G    0.0858  0.003113  0.009406    0.1693    0.2676        32       640         0         0         0         0         0         0         0         0
   173/299     11.5G   0.08492  0.003032  0.009287    0.1709    0.2681        24       640         0         0         0         0         0         0         0         0
   174/299     11.5G   0.08447  0.003188  0.009435    0.1741    0.2711        30       640         0         0         0         0         0         0         0         0
   175/299     11.5G   0.08569  0.003054  0.009045    0.1648    0.2626        40       640         0         0         0         0         0         0         0         0
   176/299     11.5G   0.08411   0.00302   0.00897    0.1649     0.261        17       640         0         0         0         0         0         0         0         0
   177/299     11.5G   0.08422  0.002873  0.008974     0.164    0.2601        16       640         0         0         0         0         0         0         0         0
   178/299     11.5G   0.08731  0.003021  0.009276    0.1715    0.2711        25       640         0         0         0         0         0         0         0         0
   179/299     11.5G   0.08212  0.002849  0.009066    0.1669    0.2609        21       640         0         0         0         0         0         0         0         0
   180/299     11.5G   0.08371  0.002851  0.009002    0.1636    0.2592        22       640         0         0         0         0         0         0         0         0
   181/299     11.5G   0.08351  0.002964  0.009036    0.1675     0.263        23       640         0         0         0         0         0         0         0         0
   182/299     11.5G   0.08162  0.002948  0.009007     0.168    0.2616        30       640         0         0         0         0         0         0         0         0
   183/299     11.5G   0.08524  0.002952   0.00926    0.1677    0.2651        20       640         0         0         0         0         0         0         0         0
   184/299     11.5G    0.0835  0.003106  0.009252    0.1675    0.2633        27       640         0         0         0         0         0         0         0         0
   185/299     11.5G   0.07906  0.003062  0.009246    0.1675    0.2589        24       640         0         0         0         0         0         0         0         0
   186/299     11.5G   0.08257   0.00296  0.009194     0.165    0.2597        31       640         0         0         0         0         0         0         0         0
   187/299     11.5G   0.08086  0.002974  0.008849    0.1606    0.2533        32       640         0         0         0         0         0         0         0         0
   188/299     11.5G   0.08143  0.002836  0.008725    0.1622    0.2552        25       640         0         0         0         0         0         0         0         0
   189/299     11.5G    0.0819  0.002955  0.008852    0.1673     0.261        24       640         0         0         0         0         0         0         0         0
   190/299     11.5G    0.0785  0.002906  0.008889    0.1615    0.2518        19       640         0         0         0         0         0         0         0         0
   191/299     11.5G   0.07833  0.002943  0.008816    0.1626    0.2527        37       640         0         0         0         0         0         0         0         0
   192/299     11.5G   0.07793  0.002993  0.008753    0.1604    0.2501        27       640         0         0         0         0         0         0         0         0
   193/299     11.5G   0.07956   0.00286  0.008511    0.1643    0.2552        26       640         0         0         0         0         0         0         0         0
   194/299     11.5G   0.07826  0.002888  0.008541     0.162    0.2517        36       640         0         0         0         0         0         0         0         0
   195/299     11.5G   0.07704  0.002979  0.008598    0.1607    0.2494        30       640         0         0         0         0         0         0         0         0
   196/299     11.5G   0.08043  0.002804  0.008433    0.1632    0.2549        19       640         0         0         0         0         0         0         0         0
   197/299     11.5G   0.07586  0.002764  0.008372    0.1599    0.2469        32       640         0         0         0         0         0         0         0         0
   198/299     11.5G   0.07859  0.002916  0.008286    0.1605    0.2503        30       640         0         0         0         0         0         0         0         0
   199/299     11.5G   0.07862  0.002891  0.008461    0.1604    0.2504        33       640         0         0         0         0         0         0         0         0
   200/299     11.5G   0.07927  0.002778  0.008412    0.1574    0.2479        20       640         0         0         0         0         0         0         0         0
   201/299     11.5G   0.07716  0.002853   0.00855    0.1595    0.2481        28       640         0         0         0         0         0         0         0         0
   202/299     11.5G   0.07831   0.00286  0.008198    0.1589    0.2482        24       640         0         0         0         0         0         0         0         0
   203/299     11.5G   0.07429   0.00289  0.008417     0.161    0.2466        30       640         0         0         0         0         0         0         0         0
   204/299     11.5G     0.077  0.002784  0.008222     0.159     0.247        27       640         0         0         0         0         0         0         0         0
   205/299     11.5G   0.07529  0.002845   0.00802    0.1583    0.2445        31       640         0         0         0         0         0         0         0         0
   206/299     11.5G   0.07731  0.002689  0.008083    0.1556    0.2437        29       640         0         0         0         0         0         0         0         0
   207/299     11.5G     0.076  0.002724  0.008258    0.1599    0.2469        25       640         0         0         0         0         0         0         0         0
   208/299     11.5G   0.07535  0.002862  0.008158    0.1596    0.2459        41       640         0         0         0         0         0         0         0         0
   209/299     11.5G   0.07283  0.002785  0.008065    0.1556    0.2393        28       640         0         0         0         0         0         0         0         0
   210/299     11.5G   0.07419  0.002873  0.008368    0.1561    0.2415        39       640         0         0         0         0         0         0         0         0
   211/299     11.5G   0.07612  0.002718  0.008082    0.1567    0.2437        28       640         0         0         0         0         0         0         0         0
   212/299     11.5G   0.07217  0.002836  0.008086    0.1593    0.2424        33       640         0         0         0         0         0         0         0         0
   213/299     11.5G   0.07246  0.002642  0.007998     0.156    0.2391        24       640         0         0         0         0         0         0         0         0
   214/299     11.5G   0.07172  0.002942  0.007832    0.1544    0.2369        26       640         0         0         0         0         0         0         0         0
   215/299     11.5G   0.07478   0.00274  0.007988    0.1561    0.2417        29       640         0         0         0         0         0         0         0         0
   216/299     11.5G   0.07393  0.002773  0.007772    0.1597    0.2441        28       640         0         0         0         0         0         0         0         0
   217/299     11.5G   0.06976  0.002754  0.008123    0.1578    0.2384        24       640         0         0         0         0         0         0         0         0
   218/299     11.5G   0.07141  0.002729  0.007892    0.1561    0.2381        31       640         0         0         0         0         0         0         0         0
   219/299     11.5G   0.07021  0.002737  0.007795    0.1574    0.2382        27       640         0         0         0         0         0         0         0         0
   220/299     11.5G   0.07062  0.002763  0.007816    0.1546    0.2358        22       640         0         0         0         0         0         0         0         0
   221/299     11.5G   0.07172  0.002591  0.007511    0.1549    0.2367        16       640         0         0         0         0         0         0         0         0
   222/299     11.5G   0.07286  0.002754  0.008018    0.1586    0.2422        30       640         0         0         0         0         0         0         0         0
   223/299     11.5G   0.06843  0.002873  0.008027    0.1553    0.2346        25       640         0         0         0         0         0         0         0         0
   224/299     11.5G   0.07177  0.002594  0.007988    0.1554    0.2378        21       640         0         0         0         0         0         0         0         0
   225/299     11.5G   0.06955  0.002783  0.007688    0.1521    0.2321        31       640         0         0         0         0         0         0         0         0
   226/299     11.5G   0.06914  0.002528  0.007562    0.1537    0.2329        23       640         0         0         0         0         0         0         0         0
   227/299     11.5G    0.0703  0.002766  0.007522    0.1515    0.2321        28       640         0         0         0         0         0         0         0         0
   228/299     11.5G   0.07035  0.002854   0.00763    0.1567    0.2375        30       640         0         0         0         0         0         0         0         0
   229/299     11.5G   0.06965  0.002742  0.007511    0.1512    0.2311        26       640         0         0         0         0         0         0         0         0
   230/299     11.5G    0.0648  0.002873  0.007619    0.1516    0.2269        37       640         0         0         0         0         0         0         0         0
   231/299     11.5G   0.06485  0.002653    0.0072    0.1505    0.2252        25       640         0         0         0         0         0         0         0         0
   232/299     11.5G   0.06784  0.002588  0.007593    0.1509    0.2289        22       640         0         0         0         0         0         0         0         0
   233/299     11.5G   0.07054  0.002625  0.007342    0.1486    0.2292        35       640         0         0         0         0         0         0         0         0
   234/299     11.5G   0.06485   0.00257  0.007483    0.1511     0.226        20       640         0         0         0         0         0         0         0         0
   235/299     11.5G    0.0657   0.00258  0.007411    0.1497    0.2254        32       640         0         0         0         0         0         0         0         0
   236/299     11.5G   0.06787  0.002646  0.007262    0.1543     0.232        23       640         0         0         0         0         0         0         0         0
   237/299     11.5G   0.06735  0.002559  0.007292    0.1531    0.2303        21       640         0         0         0         0         0         0         0         0
   238/299     11.5G   0.06365  0.002703  0.007175     0.151    0.2245        24       640         0         0         0         0         0         0         0         0
   239/299     11.5G   0.06664  0.002603  0.007279    0.1547    0.2312        29       640         0         0         0         0         0         0         0         0
   240/299     11.5G   0.06813  0.002652  0.006875    0.1493     0.227        28       640         0         0         0         0         0         0         0         0
   241/299     11.5G   0.06357  0.002627  0.007174    0.1454    0.2188        26       640         0         0         0         0         0         0         0         0
   242/299     11.5G   0.06564  0.002672  0.007232    0.1462    0.2217        33       640         0         0         0         0         0         0         0         0
   243/299     11.5G   0.06322  0.002564  0.007103    0.1518    0.2247        27       640         0         0         0         0         0         0         0         0
   244/299     11.5G   0.07172  0.002455  0.006819    0.1446    0.2256        25       640         0         0         0         0         0         0         0         0
   245/299     11.5G   0.06407  0.002541  0.007086    0.1495    0.2232        32       640         0         0         0         0         0         0         0         0
   246/299     11.5G   0.06246  0.002489  0.007089    0.1497    0.2218        32       640         0         0         0         0         0         0         0         0
   247/299     11.5G   0.06612  0.002466  0.007082    0.1484    0.2241        32       640         0         0         0         0         0         0         0         0
   248/299     11.5G   0.06176  0.002629   0.00729    0.1497    0.2214        26       640         0         0         0         0         0         0         0         0
   249/299     11.5G   0.06428  0.002739  0.007189    0.1496    0.2238        31       640         0         0         0         0         0         0         0         0
   250/299     11.5G   0.06519  0.002578   0.00706    0.1497    0.2245        34       640         0         0         0         0         0         0         0         0
   251/299     11.5G   0.06368  0.002733  0.006952    0.1504    0.2238        37       640         0         0         0         0         0         0         0         0
   252/299     11.5G   0.06153  0.002565  0.006997    0.1524    0.2235        25       640         0         0         0         0         0         0         0         0
   253/299     11.5G   0.06369  0.002539  0.006734    0.1466    0.2195        28       640         0         0         0         0         0         0         0         0
   254/299     11.5G   0.06309  0.002608  0.006838    0.1479    0.2204        26       640         0         0         0         0         0         0         0         0
   255/299     11.5G   0.06364   0.00253  0.006907    0.1467    0.2198        31       640         0         0         0         0         0         0         0         0
   256/299     11.5G   0.06164  0.002586  0.006996    0.1513    0.2225        30       640         0         0         0         0         0         0         0         0
   257/299     11.5G   0.06282  0.002445  0.006874    0.1455    0.2176        29       640         0         0         0         0         0         0         0         0
   258/299     11.5G   0.05802  0.002468  0.006806    0.1433    0.2106        21       640         0         0         0         0         0         0         0         0
   259/299     11.5G   0.06401  0.002466  0.006725     0.144    0.2172        25       640         0         0         0         0         0         0         0         0
   260/299     11.5G   0.06162  0.002472  0.006655    0.1482    0.2189        34       640         0         0         0         0         0         0         0         0
   261/299     11.5G    0.0588  0.002573  0.006705    0.1486    0.2167        32       640         0         0         0         0         0         0         0         0
   262/299     11.5G   0.06191  0.002432  0.006404    0.1467    0.2175        32       640         0         0         0         0         0         0         0         0
   263/299     11.5G   0.05888  0.002515  0.006884    0.1481    0.2164        26       640         0         0         0         0         0         0         0         0
   264/299     11.5G   0.05982   0.00257  0.006715    0.1447    0.2138        27       640         0         0         0         0         0         0         0         0
   265/299     11.5G   0.06113   0.00249  0.006753    0.1478    0.2181        31       640         0         0         0         0         0         0         0         0
   266/299     11.5G   0.05921  0.002485  0.006765    0.1472    0.2156        22       640         0         0         0         0         0         0         0         0
   267/299     11.5G   0.05859  0.002427  0.006568    0.1472    0.2148        22       640         0         0         0         0         0         0         0         0
   268/299     11.5G   0.06084  0.002471  0.006503    0.1467    0.2165        20       640         0         0         0         0         0         0         0         0
   269/299     11.5G   0.05816  0.002446  0.006402    0.1466    0.2136        20       640         0         0         0         0         0         0         0         0
   270/299     11.5G   0.05924  0.002353  0.006411    0.1479    0.2159        25       640         0         0         0         0         0         0         0         0
   271/299     11.5G   0.05703  0.002542  0.006343    0.1453    0.2112        20       640         0         0         0         0         0         0         0         0
   272/299     11.5G   0.05922  0.002368  0.006772    0.1503    0.2187        25       640         0         0         0         0         0         0         0         0
   273/299     11.5G   0.05863  0.002405   0.00621    0.1466    0.2138        24       640         0         0         0         0         0         0         0         0
   274/299     11.5G   0.05955  0.002421  0.006539    0.1475     0.216        24       640         0         0         0         0         0         0         0         0
   275/299     11.5G   0.06012  0.002451   0.00692    0.1455     0.215        33       640         0         0         0         0         0         0         0         0
   276/299     11.5G   0.05777  0.002367  0.006194    0.1427    0.2091        29       640         0         0         0         0         0         0         0         0
   277/299     11.5G   0.05686  0.002516  0.006326    0.1464    0.2121        30       640         0         0         0         0         0         0         0         0
   278/299     11.5G   0.05866  0.002385  0.006403    0.1458    0.2132        18       640         0         0         0         0         0         0         0         0
   279/299     11.5G   0.05769  0.002347  0.006587     0.147    0.2136        27       640         0         0         0         0         0         0         0         0
   280/299     11.5G   0.05826  0.002506  0.006394    0.1495    0.2167        26       640         0         0         0         0         0         0         0         0
   281/299     11.5G   0.05786  0.002644  0.006474    0.1462    0.2131        29       640         0         0         0         0         0         0         0         0
   282/299     11.5G   0.05664  0.002537  0.006499      0.15    0.2157        23       640         0         0         0         0         0         0         0         0
   283/299     11.5G   0.05626  0.002551  0.006499    0.1467     0.212        31       640         0         0         0         0         0         0         0         0
   284/299     11.5G   0.05762  0.002523  0.006656    0.1455    0.2123        25       640         0         0         0         0         0         0         0         0
   285/299     11.5G   0.05511  0.002557  0.006146    0.1449    0.2087        30       640         0         0         0         0         0         0         0         0
   286/299     11.5G   0.05862  0.002503  0.006204    0.1417    0.2091        28       640         0         0         0         0         0         0         0         0
   287/299     11.5G   0.05473  0.002443  0.006181    0.1468    0.2101        22       640         0         0         0         0         0         0         0         0
   288/299     11.5G   0.05395  0.002423  0.006181    0.1429    0.2054        31       640         0         0         0         0         0         0         0         0
   289/299     11.5G   0.05595  0.002402   0.00604     0.143    0.2074        30       640         0         0         0         0         0         0         0         0
   290/299     11.5G   0.05764  0.002447  0.006319    0.1429    0.2093        27       640         0         0         0         0         0         0         0         0
   291/299     11.5G   0.05743  0.002386   0.00607    0.1461     0.212        35       640         0         0         0         0         0         0         0         0
   292/299     11.5G   0.05603  0.002516  0.006357    0.1427    0.2076        31       640         0         0         0         0         0         0         0         0
   293/299     11.5G    0.0563  0.002402  0.005973    0.1453      0.21        30       640         0         0         0         0         0         0         0         0
   294/299     11.5G   0.05888  0.002337  0.005922     0.144    0.2111        26       640         0         0         0         0         0         0         0         0
   295/299     11.5G    0.0568  0.002474  0.006375    0.1457    0.2114        28       640         0         0         0         0         0         0         0         0
   296/299     11.5G   0.05766   0.00248  0.006204    0.1442    0.2105        20       640         0         0         0         0         0         0         0         0
   297/299     11.5G   0.05652   0.00237  0.006071    0.1419    0.2069        31       640         0         0         0         0         0         0         0         0
   298/299     11.5G   0.05304  0.002428  0.006109    0.1457    0.2073        19       640         0         0         0         0         0         0         0         0
   299/299     11.5G   0.05548  0.002439  0.006291    0.1423    0.2065        25       640         0         0         0         0         0         0         0         0
