     0/199     2.36G    0.3284    0.0464   0.04827    0.4231         1       640         0         0         0         0    0.1979   0.05236   0.04925
     1/199     6.31G    0.3076   0.04467   0.04889    0.4012         1       640         0         0         0         0    0.1864   0.05126   0.04906
     2/199     6.31G    0.2775   0.04317   0.04863    0.3693         1       640         0         0         0         0    0.1869    0.0505   0.04883
     3/199     6.31G    0.2762   0.04232   0.04822    0.3667         1       640         0         0         0         0    0.1778   0.04955   0.04849
     4/199     6.31G    0.2534   0.04147   0.04815     0.343         1       640         0         0         0         0    0.1716   0.04848   0.04857
     5/199     6.31G    0.2338   0.04057    0.0478    0.3222         1       640         0         0         0         0    0.1515   0.04717   0.04894
     6/199     6.31G     0.195   0.03984   0.04776    0.2826         1       640         0         0         0         0    0.1365   0.04656   0.04877
     7/199     6.31G     0.174   0.03895   0.04752    0.2604         1       640         0         0         0         0    0.1288   0.04538   0.04848
     8/199     6.31G    0.1589   0.03795   0.04639    0.2433         1       640         0         0         0         0    0.1223   0.04431   0.04839
     9/199     6.31G    0.1538   0.03747   0.04637    0.2376         1       640         0         0         0         0    0.1148   0.04343   0.04812
    10/199     6.31G    0.1458   0.03628   0.04666    0.2287         1       640         0         0         0         0    0.1101   0.04176   0.04806
    11/199     6.31G    0.1484   0.03517   0.04664    0.2302         1       640         0         0         0         0    0.1139   0.04035   0.04809
    12/199     6.31G    0.1664    0.0345   0.04683    0.2477         1       640         0         0         0         0    0.1129   0.04202   0.04766
    13/199     6.31G    0.1468   0.03276    0.0462    0.2257         1       640         0         0         0         0    0.1233   0.03941   0.04788
    14/199     6.31G    0.1457   0.03177   0.04594    0.2234         1       640         0         0         0         0    0.1041   0.04581    0.0474
    15/199     6.31G    0.1643   0.03194   0.04604    0.2423         1       640         0         0         0         0    0.1036   0.04026   0.04744
    16/199     6.31G     0.156   0.03121   0.04577     0.233         1       640         0         0         0         0    0.1098   0.03592   0.04736
    17/199     6.31G    0.1541   0.03039   0.04616    0.2307         1       640   0.08398   0.05818    0.0415  0.006426    0.0923   0.03284   0.04723
    18/199     6.31G    0.1443   0.02975   0.04541    0.2195         1       640         0         0         0         0    0.1039   0.03419    0.0474
    19/199     6.31G     0.176   0.03119   0.04562    0.2528         1       640         0         0         0         0    0.1201   0.03439   0.04785
    20/199     6.31G    0.1842   0.03096   0.04497    0.2601         1       640         0         0         0         0    0.1325   0.04154   0.04777
    21/199     6.31G    0.1516   0.02893   0.04446     0.225         1       640   0.04441      0.08   0.03643  0.005741    0.1025   0.02637   0.04739
    22/199     6.31G    0.1591   0.02881   0.04539    0.2333         1       640   0.05972      0.06   0.02228  0.003856    0.1173   0.02665    0.0477
    23/199     6.31G    0.1749   0.02915    0.0453    0.2494         1       640         0         0         0         0    0.1112   0.02811   0.04721
    24/199     6.31G    0.1648   0.02775   0.04568    0.2383         1       640         0         0         0         0    0.1624   0.04316   0.04752
    25/199     6.31G    0.1634     0.029    0.0458    0.2382         1       640         0         0         0         0    0.1266   0.06771   0.04805
    26/199     6.31G    0.1892      0.03     0.046    0.2652         1       640    0.1198      0.06   0.05104   0.01135    0.1147   0.03269    0.0471
    27/199     6.31G     0.176   0.02929   0.04579    0.2511         1       640   0.09921      0.16   0.08851    0.0211   0.09588   0.02394   0.04678
    28/199     6.31G    0.1551   0.02754   0.04511    0.2277         1       640         0         0         0         0    0.1002   0.02676   0.04696
    29/199     6.31G    0.1588   0.02566   0.04582    0.2303         1       640   0.09287    0.1562   0.09058   0.02036    0.1022   0.02143   0.04697
    30/199     6.31G    0.1494   0.02571   0.04528    0.2204         1       640    0.1135      0.08   0.06045   0.01051   0.09337   0.02269   0.04704
    31/199     6.31G    0.1676   0.02629   0.04476    0.2386         1       640   0.04206      0.08   0.01665  0.002935    0.1106   0.02266   0.04649
    32/199     6.31G    0.1772   0.02742   0.04562    0.2502         1       640         0         0         0         0    0.1128   0.03779   0.04668
    33/199     6.31G    0.1651   0.02736   0.04536    0.2378         1       640         0         0         0         0    0.1182   0.03533   0.04706
    34/199     6.31G    0.1515    0.0252   0.04474    0.2215         1       640         0         0         0         0    0.1169   0.02804   0.04683
    35/199     6.31G    0.1644   0.02713   0.04526    0.2368         1       640         0         0         0         0     0.126   0.03911   0.04651
    36/199     6.31G    0.2003    0.0288   0.04555    0.2746         1       640         0         0         0         0    0.1394   0.09774   0.04597
    37/199     6.31G    0.1525   0.02554   0.04488    0.2229         1       640         0         0         0         0    0.1095   0.02995   0.04625
    38/199     6.31G    0.1665    0.0267   0.04506    0.2382         1       640         0         0         0         0    0.1053   0.02351   0.04662
    39/199     6.31G    0.1384    0.0225   0.04457    0.2054         1       640   0.08922       0.1   0.05055   0.01533    0.1027   0.01849   0.04678
    40/199     6.31G    0.1391   0.02281   0.04463    0.2065         1       640    0.2382      0.22    0.1626   0.04494     0.101    0.0188   0.04636
    41/199     6.31G    0.1417   0.02231   0.04433    0.2083         1       640    0.1565      0.22    0.1532   0.04604   0.09862    0.0184   0.04615
    42/199     6.31G    0.1362   0.02104   0.04451    0.2017         1       640    0.1332      0.16    0.1173   0.01948   0.09461   0.01961   0.04656
    43/199     6.31G    0.1603   0.02368   0.04479    0.2287         1       640    0.3514       0.4    0.1774   0.05726    0.1001   0.01879   0.04698
    44/199     6.31G     0.131   0.02105   0.04388    0.1959         1       640    0.1488    0.2399    0.1536    0.0502   0.08812   0.01807   0.04685
    45/199     6.31G    0.1354   0.02047   0.04356    0.1994         1       640    0.1883    0.2669     0.156   0.05701   0.09178   0.01686    0.0465
    46/199     6.31G    0.1323   0.02064   0.04395    0.1969         1       640    0.1407      0.24    0.1474   0.03951   0.09501   0.01538   0.04662
    47/199     6.31G    0.1377   0.02056   0.04404    0.2023         1       640    0.3283      0.18    0.1385     0.031   0.09604   0.01524    0.0463
    48/199     6.31G    0.1416    0.0206   0.04425    0.2064         1       640    0.1772      0.44    0.2102   0.08729   0.09871   0.01594   0.04661
    49/199     6.31G     0.151   0.02273   0.04475    0.2185         1       640         0         0         0         0   0.09462   0.01896   0.04644
    50/199     6.31G     0.147   0.02375   0.04405    0.2148         1       640    0.1472      0.22    0.1422   0.04013   0.09776   0.01714   0.04641
    51/199     6.31G    0.1346   0.02175    0.0435    0.1999         1       640    0.3686     0.278    0.2068   0.05485    0.1004   0.01649   0.04714
    52/199     6.31G    0.1646   0.02247   0.04487    0.2319         1       640         0         0         0         0     0.227   0.04196   0.05045
    53/199     6.31G    0.1531    0.0236   0.04556    0.2223         1       640         0         0         0         0     0.302   0.05018   0.06021
    54/199     6.31G     0.197   0.02665   0.04563    0.2693         1       640    0.0221      0.04  0.002856  0.000839    0.2387   0.05112   0.05135
    55/199     6.31G    0.1527   0.02381   0.04551     0.222         1       640         0         0         0         0    0.2026   0.03869    0.0458
    56/199     6.31G    0.1488   0.02189   0.04426     0.215         1       640         0         0         0         0    0.1257   0.02259   0.04683
    57/199     6.31G    0.1381   0.02152    0.0446    0.2042         1       640         0         0         0         0    0.1082   0.02246   0.04639
    58/199     6.31G    0.1485    0.0226   0.04451    0.2157         1       640    0.2128      0.22     0.141   0.04029    0.1143   0.01912   0.04668
    59/199     6.31G    0.1417   0.02171   0.04409    0.2075         1       640    0.1429       0.2    0.1421   0.04247    0.1067    0.0152   0.04693
    60/199     6.31G    0.1438   0.02048   0.04474     0.209         1       640    0.1767      0.22    0.1647   0.05057   0.09768   0.01534   0.04661
    61/199     6.31G    0.1469   0.02133   0.04468    0.2129         1       640    0.1398    0.1395   0.09731   0.02297    0.1006   0.01623    0.0464
    62/199     6.31G    0.1428   0.02053   0.04498    0.2083         1       640         0         0         0         0     0.119   0.03389   0.04631
    63/199     6.31G    0.1446   0.02096   0.04447    0.2101         1       640   0.09983      0.04    0.0235  0.007126     0.135   0.02516   0.04498
    64/199     6.31G    0.1391   0.02057    0.0443     0.204         1       640   0.08892       0.1   0.07675   0.04025    0.1003   0.01919   0.04523
    65/199     6.31G    0.1413   0.01998   0.04403    0.2053         1       640    0.1042      0.32    0.2018   0.07468    0.1029   0.01417   0.04652
    66/199     6.31G    0.1859   0.02584   0.04488    0.2567         1       640    0.1436      0.14   0.05345   0.01083    0.1834   0.03561    0.0468
    67/199     6.31G     0.164   0.02468   0.04474    0.2334         1       640   0.09989      0.08   0.05315  0.008503    0.2663   0.03992   0.04897
    68/199     6.31G    0.1493   0.02333   0.04438     0.217         1       640   0.02852      0.02  0.003088 0.0008523    0.1938   0.03253   0.04901
    69/199     6.31G    0.1463   0.02272   0.04418    0.2132         1       640         0         0         0         0    0.1298   0.03213   0.04674
    70/199     6.31G    0.1427   0.02143   0.04406    0.2082         1       640    0.6905      0.08   0.04788   0.02481    0.1063   0.02269    0.0451
    71/199     6.31G    0.1671   0.02414   0.04394    0.2352         1       640         0         0         0         0    0.1231    0.1614   0.04838
    72/199     6.31G    0.1725   0.02571   0.04432    0.2425         1       640         0         0         0         0    0.1054   0.03773   0.04596
    73/199     6.31G    0.1531   0.02475   0.04416     0.222         1       640         0         0         0         0    0.1013     0.035   0.04564
    74/199     6.31G    0.1616   0.02374   0.04355    0.2289         1       640   0.06077      0.08   0.02573  0.004879    0.1442   0.02354   0.04626
    75/199     6.31G    0.1493   0.02172   0.04336    0.2144         1       640    0.1329      0.12   0.09901   0.02481   0.09991   0.01798   0.04601
    76/199     6.31G    0.1354   0.02028   0.04342    0.1991         1       640    0.1405    0.2192    0.1825   0.05529   0.09489   0.01354    0.0461
    77/199     6.31G    0.1308   0.01935   0.04372    0.1939         1       640    0.1498      0.18     0.159   0.04725    0.0908    0.0143   0.04636
    78/199     6.31G    0.1281    0.0201   0.04414    0.1924         1       640     0.163      0.26    0.1721   0.06872   0.08564   0.01322   0.04602
    79/199     6.31G    0.1477   0.02083   0.04446     0.213         1       640    0.1841    0.3395    0.2189    0.1081   0.08037   0.01468   0.04595
    80/199     6.31G    0.1324   0.01914   0.04376    0.1953         1       640    0.1702      0.46    0.2651    0.1304   0.08453   0.01255    0.0461
    81/199     6.31G    0.1276   0.01931   0.04375    0.1906         1       640    0.2042      0.44    0.3009     0.164   0.07747   0.01247    0.0457
    82/199     6.31G    0.1265   0.01888   0.04342    0.1888         1       640    0.2914      0.68    0.4629    0.2257   0.08243   0.01313   0.04586
    83/199     6.31G    0.1332   0.01908     0.044    0.1963         1       640    0.1498       0.5    0.2672    0.1332   0.08395    0.0109   0.04611
    84/199     6.31G    0.1263   0.01879   0.04375    0.1888         1       640    0.2118      0.36    0.2388    0.1092   0.08048   0.01209   0.04592
    85/199     6.31G    0.1268    0.0177   0.04412    0.1886         1       640    0.1395     0.499    0.2283    0.1009    0.0811   0.01156   0.04602
    86/199     6.31G    0.1228   0.01808   0.04253    0.1834         1       640    0.2047    0.4798    0.2795    0.1243   0.08039   0.01235   0.04566
    87/199     6.31G    0.1196   0.01683   0.04416    0.1806         1       640      0.46    0.3567    0.3487    0.1636   0.07526   0.01048   0.04575
    88/199     6.31G    0.1145   0.01721   0.04335     0.175         1       640    0.3114      0.44    0.3501    0.1804    0.0758   0.01166   0.04586
    89/199     6.31G    0.1161   0.01752   0.04288    0.1765         1       640    0.1866    0.4333    0.2473    0.1197   0.07617    0.0122   0.04625
    90/199     6.31G    0.1153    0.0168   0.04401    0.1761         1       640     0.265      0.42    0.2752    0.1243    0.0771   0.01173   0.04544
    91/199     6.31G    0.1151   0.01659   0.04282    0.1745         1       640    0.5132      0.56    0.4233    0.2141   0.07284   0.01088   0.04516
    92/199     6.31G    0.1141   0.01658   0.04364    0.1743         1       640    0.3113    0.6069    0.4173    0.2169   0.07527   0.01368   0.04498
    93/199     6.31G    0.1228   0.01576   0.04303    0.1816         1       640    0.2011    0.4501    0.2896    0.1745   0.07813   0.01336   0.04508
    94/199     6.31G    0.1148   0.01678   0.04253    0.1741         1       640     0.214    0.7663    0.3952    0.2007   0.07491   0.01243   0.04503
    95/199     6.31G    0.1142   0.01571   0.04187    0.1718         1       640     0.583    0.4771    0.4568     0.226   0.07513  0.009774   0.04485
    96/199     6.31G     0.117   0.01656   0.04336    0.1769         1       640    0.3029    0.5268     0.396    0.2309   0.07274   0.01269   0.04513
    97/199     6.31G    0.1139   0.01625   0.04255    0.1727         1       640    0.3388    0.7488    0.4669     0.225   0.07271   0.00939   0.04486
    98/199     6.31G    0.1119   0.01561   0.04265    0.1701         1       640     0.389      0.54    0.4161    0.2143   0.07219   0.01187   0.04528
    99/199     6.31G     0.109   0.01558   0.04277    0.1674         1       640    0.3077    0.5136    0.4116    0.2039   0.07182   0.01225   0.04524
   100/199     6.31G    0.1083    0.0154   0.04254    0.1662         1       640     0.242      0.62    0.3409    0.2004   0.07865     0.017   0.04596
   101/199     6.31G    0.1085   0.01513   0.04227    0.1659         1       640    0.5686    0.3197    0.3345    0.1862   0.09275   0.01939   0.04614
   102/199     6.31G     0.109   0.01496   0.04222    0.1662         1       640    0.3002    0.4994    0.4168    0.2271    0.0781    0.0156   0.04574
   103/199     6.31G    0.1122   0.01559   0.04227    0.1701         1       640    0.3597      0.62    0.4673     0.242   0.07252   0.01137   0.04495
   104/199     6.31G    0.1047   0.01581   0.04168    0.1622         1       640    0.3383    0.6832    0.5458    0.2546    0.0701  0.008792   0.04437
   105/199     6.31G    0.1126   0.01593   0.04194    0.1705         1       640    0.3593    0.6954    0.4457    0.1665   0.07397   0.01168   0.04532
   106/199     6.31G    0.1099   0.01584   0.04223     0.168         1       640    0.3702    0.6574    0.4387    0.1946   0.07374   0.01222   0.04509
   107/199     6.31G    0.1319   0.01889   0.04168    0.1924         1       640    0.3775    0.5164    0.4402    0.2085    0.0738   0.01266   0.04493
   108/199     6.31G    0.1354   0.01929   0.04287    0.1975         1       640    0.3442    0.8763    0.5864    0.2101   0.07733  0.009088   0.04461
   109/199     6.31G    0.1092   0.01494   0.04232    0.1664         1       640    0.6325    0.5718    0.6073    0.3042   0.07225  0.008699   0.04478
   110/199     6.31G    0.1054   0.01578   0.04102    0.1622         1       640    0.3466    0.7561    0.5721    0.3031   0.07041   0.00997   0.04465
   111/199     6.31G    0.1073   0.01567   0.04109     0.164         1       640    0.5923    0.4329     0.422    0.2102   0.07247  0.009739    0.0446
   112/199     6.31G    0.1098   0.01509   0.04117     0.166         1       640     0.296     0.429    0.3806    0.1854   0.07044   0.01097   0.04455
   113/199     6.31G    0.1065    0.0151   0.04125    0.1629         1       640    0.3383    0.4822    0.4274    0.2482   0.06946   0.01215   0.04473
   114/199     6.31G    0.1169   0.01845   0.04155    0.1769         1       640    0.3575      0.64    0.4707    0.2553   0.06858   0.01297   0.04492
   115/199     6.31G    0.1113   0.01464   0.04167    0.1677         1       640    0.3181    0.7554    0.5238    0.2758   0.07172   0.01175   0.04475
   116/199     6.31G    0.1111   0.01488   0.04096    0.1669         1       640    0.3673    0.6949    0.5472     0.269   0.06742   0.01108   0.04466
   117/199     6.31G    0.1312   0.01766   0.04281    0.1917         1       640    0.2761      0.64    0.4179    0.2134   0.07125   0.01444   0.04493
   118/199     6.31G    0.1117   0.01474   0.04084    0.1673         1       640    0.2879    0.6789    0.3982    0.1988   0.07239   0.01281   0.04466
   119/199     6.31G    0.1067   0.01448   0.04077    0.1619         1       640    0.3061      0.66    0.3708    0.1865   0.07253   0.01355   0.04467
   120/199     6.31G    0.1115   0.01463   0.04032    0.1664         1       640    0.2663    0.6104    0.3742     0.211   0.06866   0.01243    0.0447
   121/199     6.31G    0.1138   0.01479   0.04016    0.1688         1       640    0.3162    0.6456    0.4504    0.2343   0.07242   0.01024   0.04444
   122/199     6.31G    0.1039   0.01463   0.04083    0.1593         1       640    0.4004    0.6548    0.5457    0.2605   0.06991  0.009056   0.04413
   123/199     6.31G    0.1225    0.0177   0.04142    0.1817         1       640    0.3307    0.5674    0.4598    0.2452   0.07193   0.01116   0.04428
   124/199     6.31G    0.1008    0.0144   0.03931    0.1545         1       640    0.4164    0.6537    0.6063    0.2805   0.07248   0.00941   0.04341
   125/199     6.31G    0.1068   0.01412   0.03995    0.1608         1       640    0.4264    0.6725     0.537    0.1884   0.07535   0.01049   0.04348
   126/199     6.31G    0.1105    0.0153      0.04    0.1658         1       640    0.3469    0.8097    0.5417    0.2692   0.07015   0.01126   0.04413
   127/199     6.31G    0.1059   0.01423   0.03968    0.1598         1       640    0.4373     0.612     0.552    0.2587    0.0756  0.008675    0.0437
   128/199     6.31G    0.1248   0.01714   0.04029    0.1823         1       640    0.3319    0.7519    0.5314    0.2714   0.06698    0.0102   0.04393
   129/199     6.31G    0.1305   0.01774   0.04072     0.189         1       640    0.3758      0.58    0.5009    0.2742   0.07069     0.011   0.04399
   130/199     6.31G    0.1066   0.01436   0.03888    0.1599         1       640    0.3349      0.66     0.458    0.2487   0.07025   0.01253    0.0443
   131/199     6.31G     0.112   0.01392   0.03919    0.1651         1       640    0.2975    0.5178    0.3865    0.2205   0.08456   0.01117   0.04447
   132/199     6.31G    0.1046   0.01432   0.03896    0.1579         1       640    0.3125    0.7108    0.4108    0.2264   0.06925   0.01254   0.04438
   133/199     6.31G      0.12   0.01663   0.03955    0.1762         1       640    0.3364    0.6992    0.4392    0.2601   0.06804    0.0132   0.04405
   134/199     6.31G    0.1026   0.01392   0.03832    0.1549         1       640    0.3245      0.72    0.4482    0.2547    0.0693   0.01279   0.04396
   135/199     6.31G    0.1025    0.0142   0.03873    0.1554         1       640    0.3127      0.68    0.4399    0.2515   0.07171   0.01333   0.04407
   136/199     6.31G    0.1025   0.01337   0.03825    0.1541         1       640    0.3349    0.6185    0.3916    0.1794   0.06988   0.01389   0.04412
   137/199     6.31G    0.1008   0.01346   0.03801    0.1523         1       640    0.2954    0.6778    0.3951    0.2386   0.07022   0.01401   0.04401
   138/199     6.31G    0.1015   0.01405   0.03813    0.1537         1       640    0.3416      0.72    0.4755    0.2321   0.06982   0.01412   0.04384
   139/199     6.31G     0.102   0.01438   0.03755    0.1539         1       640    0.4356    0.3496    0.3955    0.2161    0.1031   0.02431   0.04546
   140/199     6.31G    0.1229   0.01705   0.03911    0.1791         1       640    0.3025    0.4382    0.3423    0.2124    0.1034   0.02455   0.04563
   141/199     6.31G   0.09988   0.01472   0.03981    0.1544         1       640    0.3328    0.5808    0.3956    0.2432   0.07985   0.02013    0.0448
   142/199     6.31G    0.1014   0.01405   0.03864    0.1541         1       640    0.3518      0.72    0.4365    0.2588   0.07044    0.0163   0.04479
   143/199     6.31G   0.09573   0.01355   0.03724    0.1465         1       640    0.3212       0.9    0.5106    0.2647   0.07007   0.01458   0.04424
   144/199     6.31G    0.1026   0.01372   0.03754    0.1539         1       640    0.3272     0.801    0.4455    0.2342   0.06832   0.01395   0.04342
   145/199     6.31G   0.09982    0.0133   0.03694    0.1501         1       640    0.3393    0.6989    0.4654    0.2525   0.06681   0.01254    0.0428
   146/199     6.31G    0.0985   0.01352   0.03755    0.1496         1       640    0.3608    0.6923    0.4967    0.2533    0.0679   0.01246   0.04291
   147/199     6.31G   0.09723   0.01321   0.03673    0.1472         1       640     0.344    0.7059     0.467    0.2543   0.06914   0.01465   0.04419
   148/199     6.31G   0.09721   0.01343   0.03667    0.1473         1       640    0.3257    0.7854    0.5375     0.288   0.06855   0.01297   0.04368
   149/199     6.31G    0.1069   0.01683   0.03778    0.1616         1       640    0.3389      0.82    0.5531    0.2844   0.06888   0.01162   0.04343
   150/199     6.31G   0.09773    0.0136   0.03658    0.1479         1       640     0.347    0.7892    0.5829    0.3058   0.06728   0.01118   0.04337
   151/199     6.31G   0.09743   0.01354   0.03616    0.1471         1       640    0.4001      0.74    0.6428    0.3258   0.06662   0.01044   0.04174
   152/199     6.31G   0.09577   0.01332   0.03637    0.1455         1       640    0.4381    0.7176    0.6188    0.3282   0.06808    0.0115   0.04134
   153/199     6.31G    0.0943    0.0131   0.03647    0.1439         1       640    0.4057    0.6674    0.5463    0.2799   0.06742   0.01229   0.04203
   154/199     6.31G   0.09517   0.01325   0.03564    0.1441         1       640     0.371    0.7763    0.5635    0.2552   0.06695   0.01178   0.04273
   155/199     6.31G    0.1105   0.01631   0.03802    0.1648         1       640    0.3426    0.6783     0.531    0.2677   0.06979    0.0135   0.04402
   156/199     6.31G   0.09536   0.01288   0.03532    0.1436         1       640    0.4881    0.4992    0.5654    0.2768   0.07081   0.01255    0.0418
   157/199     6.31G    0.1195   0.01622   0.03806    0.1738         1       640    0.4634    0.5732    0.5346    0.2529    0.0662   0.01209   0.04141
   158/199     6.31G   0.09097   0.01312   0.03453    0.1386         1       640    0.4872    0.6661     0.557    0.2701   0.06676   0.01175   0.04159
   159/199     6.31G   0.09374   0.01297   0.03385    0.1406         1       640     0.502    0.7002    0.6125    0.3013   0.06813   0.01073   0.04112
   160/199     6.31G   0.09502   0.01293   0.03508     0.143         1       640    0.5184    0.6421    0.6218    0.3247   0.06541   0.01141   0.04136
   161/199     6.31G   0.09705   0.01332   0.03506    0.1454         1       640    0.5003    0.7164    0.6432    0.2927   0.06796   0.01164    0.0413
   162/199     6.31G   0.09001   0.01293   0.03406     0.137         1       640    0.4539    0.6314    0.6221    0.2993   0.06856   0.01337   0.04367
   163/199     6.31G   0.09669   0.01298   0.03475    0.1444         1       640    0.4393    0.8287    0.6906     0.342   0.06673   0.01015   0.04253
   164/199     6.31G   0.09129   0.01315   0.03429    0.1387         1       640    0.4947    0.7647    0.7574    0.3505   0.06734  0.009574   0.04116
   165/199     6.31G   0.09619   0.01317    0.0335    0.1429         1       640    0.5322    0.7653    0.7239    0.3549   0.06649  0.009694   0.04041
   166/199     6.31G    0.1056   0.01712   0.03492    0.1576         1       640    0.5567     0.702    0.7049    0.3547   0.06531   0.01006    0.0407
   167/199     6.31G   0.09396   0.01324    0.0331    0.1403         1       640    0.5078    0.7305    0.6339    0.3155   0.06468   0.01089    0.0421
   168/199     6.31G   0.09141   0.01245   0.03333    0.1372         1       640    0.5109      0.82    0.6279    0.3203   0.06663    0.0107   0.04199
   169/199     6.31G   0.09137   0.01287   0.03467    0.1389         1       640    0.5208      0.82    0.6185    0.3054   0.06782   0.01106   0.04249
   170/199     6.31G   0.09601   0.01476   0.03489    0.1457         1       640    0.5403    0.7506    0.7177    0.3776   0.06819  0.009784   0.04042
   171/199     6.31G   0.09666   0.01274   0.03313    0.1425         1       640    0.5512    0.6491    0.6833    0.3682   0.06883   0.01103   0.04215
   172/199     6.31G   0.09394   0.01219   0.03201    0.1381         1       640    0.4901    0.7283    0.6582    0.3059   0.06738   0.01142   0.04275
   173/199     6.31G   0.09185   0.01279   0.03144    0.1361         1       640     0.556    0.7788    0.7659    0.3655   0.07015  0.009455   0.03912
   174/199     6.31G    0.1111   0.01604   0.03401    0.1611         1       640    0.5537    0.7889    0.7606    0.3302   0.06821  0.009418   0.03965
   175/199     6.31G   0.09473    0.0128   0.03208    0.1396         1       640    0.5129    0.8179    0.6441     0.305   0.06767   0.01132   0.04204
   176/199     6.31G   0.09115   0.01256   0.03119    0.1349         1       640    0.5451    0.8276    0.6058    0.2973   0.06901   0.01117   0.04147
   177/199     6.31G   0.09243   0.01259   0.03187    0.1369         1       640     0.569    0.7902     0.675    0.3217   0.06897    0.0106   0.04088
   178/199     6.31G   0.09343   0.01193   0.03279    0.1381         1       640    0.5449    0.7735     0.682    0.3146   0.06976  0.009968    0.0409
   179/199     6.31G   0.09514   0.01214   0.03033    0.1376         1       640    0.5345    0.7456    0.7082    0.3707    0.0684   0.01085   0.04059
   180/199     6.31G   0.09424   0.01226   0.03169    0.1382         1       640    0.5819    0.7219    0.7459    0.3269   0.07256   0.01081   0.03877
   181/199     6.31G   0.09394   0.01248   0.03277    0.1392         1       640    0.5553     0.754    0.7596    0.3412   0.07179  0.009851   0.03922
   182/199     6.31G   0.08906   0.01243   0.03097    0.1325         1       640    0.5733    0.7612    0.6961    0.3029   0.06599    0.0101   0.03823
   183/199     6.31G   0.09117   0.01271   0.03054    0.1344         1       640    0.5616    0.8116    0.6765    0.3638   0.06663   0.01096   0.03966
   184/199     6.31G   0.09043     0.013    0.0299    0.1333         1       640    0.5482    0.8415    0.7443    0.3405   0.07015  0.009888    0.0394
   185/199     6.31G   0.08768   0.01206   0.02929     0.129         1       640    0.5491    0.7991    0.7252    0.3772   0.06753  0.009801   0.03988
   186/199     6.31G   0.09138   0.01251   0.02896    0.1329         1       640     0.564    0.7973    0.6665    0.3647   0.06479  0.009976   0.04145
   187/199     6.31G   0.09097   0.01192    0.0291     0.132         1       640    0.5397    0.7789    0.6689    0.3495   0.06659   0.01011   0.04277
   188/199     6.31G   0.09167   0.01251   0.02893    0.1331         1       640    0.5107    0.7793    0.7531    0.3683   0.06563  0.009056   0.03905
   189/199     6.31G   0.09814   0.01278   0.03032    0.1412         1       640    0.4991    0.7106    0.7395    0.3582    0.0706   0.01025     0.038
   190/199     6.31G   0.09021   0.01217   0.02886    0.1312         1       640     0.472    0.7502     0.652     0.298   0.07071   0.01089   0.04093
   191/199     6.31G   0.09228     0.013   0.02991    0.1352         1       640     0.513      0.86    0.7504    0.3606   0.06972  0.009149   0.04112
   192/199     6.31G   0.09169   0.01218   0.02938    0.1332         1       640    0.4485    0.7988    0.6815    0.3609   0.06804  0.009194   0.04157
   193/199     6.31G     0.087   0.01187    0.0279    0.1268         1       640    0.4149     0.818    0.6314    0.3329   0.06664  0.008922   0.04176
   194/199     6.31G    0.1029   0.01604   0.02898    0.1479         1       640    0.4998    0.8134    0.6965    0.3323   0.07106  0.009868    0.0405
   195/199     6.31G   0.09022   0.01215   0.02747    0.1298         1       640    0.4252      0.86    0.6691    0.3191   0.06643  0.009864   0.03946
   196/199     6.31G   0.09242   0.01251   0.03054    0.1355         1       640    0.4382    0.8106    0.5757    0.3042   0.06874   0.01004   0.04219
   197/199     6.31G   0.08873   0.01238   0.02856    0.1297         1       640    0.5316    0.8756    0.7144    0.3513    0.0683  0.009258    0.0392
   198/199     6.31G   0.09089    0.0119   0.02824     0.131         1       640    0.5033      0.83    0.7107    0.3676   0.06872  0.009647   0.04033
   199/199     6.31G   0.08967   0.01196   0.02854    0.1302         1       640    0.5048    0.8348    0.7172    0.3546   0.06818  0.009612   0.03953
